Pharmacy.Pill[pp1].nil{18, 16, 20, 30, 13, 17, 23}
Pharmacy.$1{0, 10, 28, 31, 14, 19, 22, 27, 32, 36, 34, 39, 1, 33, 24, 4, 38, 26, 37, 7, 3, 8, 35, 11, 15}
Patient[patient_prescription,patient_bill_payed].nil{0, 18, 23, 9, 10, 28, 31, 36, 14, 19, 22, 27, 32, 2, 34, 39, 20, 30, 6, 1, 33, 38, 13, 24, 29, 4, 26, 37, 12, 7, 17, 3, 8, 35, 21, 16, 11, 15, 5}
ConsultingRoom.$0{0, 18, 23, 9, 10, 28, 31, 36, 41, 14, 19, 22, 27, 32, 2, 34, 39, 20, 25, 30, 6, 1, 33, 38, 13, 24, 29, 4, 26, 37, 42, 12, 7, 17, 3, 8, 35, 40, 21, 16, 11, 15, 5}
ConsultingRoom.Decoction[patient_decoction].nil{31, 32, 39, 33, 8}
Pharmacy.Patient[patient_prescription,patient_bill_payed].nil{0, 18, 23, 10, 28, 31, 36, 41, 14, 27, 32, 34, 39, 20, 25, 30, 6, 1, 33, 38, 13, 24, 4, 26, 37, 7, 3, 8, 35, 11, 15, 5}
ConsultingRoom.Patient[patient_prescription,p2].nil{24, 10}
Hospital.$0{0, 18, 23, 9, 10, 28, 31, 36, 41, 14, 19, 22, 27, 32, 2, 34, 39, 20, 25, 30, 6, 1, 33, 38, 13, 24, 29, 4, 26, 37, 42, 12, 7, 17, 3, 8, 35, 40, 21, 16, 11, 15, 5}
Patient[patient_decoction,p2].nil{10, 31, 14, 27, 32, 36, 34, 39, 1, 33, 4, 26, 37, 7, 3, 8, 35, 15}
Pharmacy.Material.nil{0, 28, 31, 36, 14, 19, 22, 27, 32, 34, 39, 6, 1, 33, 38, 24, 4, 26, 37, 12, 7, 3, 8, 35, 21, 11, 15, 10}
ChargingRoom.Patient[patient_decoction,p2].nil{34, 1, 4, 3, 37, 10}
Decoction[patient_decoction].nil{10, 31, 14, 27, 32, 36, 34, 39, 1, 33, 4, 26, 37, 7, 3, 8, 35, 15}
Pharmacy.Decoction[p1].nil{0, 10, 28, 31, 14, 19, 22, 27, 32, 36, 34, 39, 1, 33, 24, 4, 38, 26, 37, 7, 3, 8, 35, 11, 15}
ConsultingRoom.Computer[connected].Prescription[patient_prescription].nil{0, 18, 23, 9, 10, 28, 31, 36, 41, 14, 19, 22, 27, 32, 2, 34, 39, 20, 25, 30, 6, 1, 33, 38, 13, 24, 29, 4, 26, 37, 42, 12, 7, 17, 3, 8, 35, 40, 21, 16, 11, 15, 5}
Hospital.Patient[p1,p2].nil{0, 18, 23, 9, 10, 28, 31, 36, 41, 14, 19, 22, 27, 32, 2, 34, 39, 20, 25, 30, 6, 1, 33, 38, 13, 24, 29, 4, 26, 37, 42, 12, 7, 17, 3, 8, 35, 40, 21, 16, 11, 15, 5}
ChargingRoom.$0{0, 18, 23, 9, 10, 28, 31, 36, 14, 19, 22, 27, 32, 34, 39, 20, 30, 6, 1, 33, 38, 13, 24, 29, 4, 26, 37, 12, 7, 17, 3, 8, 35, 40, 21, 16, 11, 15, 5}
ConsultingRoom.Patient[patient_decoction,p2].nil{31, 32, 39, 33, 8}
Patient[patient_prescription,p2].nil{0, 18, 23, 9, 10, 28, 31, 36, 41, 14, 19, 22, 27, 32, 2, 34, 39, 20, 25, 30, 6, 1, 33, 38, 13, 24, 29, 4, 26, 37, 42, 12, 7, 17, 3, 8, 35, 40, 21, 16, 11, 15, 5}
ChargingRoom.Patient[patient_prescription,patient_bill_payed].nil{0, 38, 11}
ChargingRoom.Computer[connected].Bill[b1].nil{0, 18, 23, 9, 10, 28, 31, 36, 41, 14, 19, 22, 27, 32, 34, 39, 20, 30, 6, 1, 33, 38, 13, 24, 29, 4, 26, 37, 42, 12, 7, 17, 3, 8, 35, 21, 16, 11, 15, 5}
ConsultingRoom.Patient[patient_prescription,patient_bill_payed].nil{0, 18, 23, 9, 10, 28, 31, 36, 41, 14, 19, 22, 27, 32, 2, 34, 39, 20, 25, 30, 6, 1, 33, 38, 13, 24, 29, 4, 26, 37, 42, 12, 7, 17, 3, 8, 35, 40, 21, 16, 11, 15, 5}
ChargingRoom.Patient[patient_prescription,p2].nil{0, 18, 23, 9, 10, 28, 31, 36, 14, 19, 22, 27, 32, 34, 39, 20, 30, 6, 1, 33, 38, 13, 24, 29, 4, 26, 37, 12, 7, 17, 3, 8, 35, 40, 21, 16, 11, 15, 5}
Pharmacy.$0{0, 18, 23, 10, 28, 31, 36, 41, 14, 27, 32, 34, 39, 20, 25, 30, 6, 1, 33, 38, 13, 24, 4, 26, 37, 7, 3, 8, 35, 11, 15, 5}
ChargingRoom.Decoction[patient_decoction].nil{34, 1, 4, 3, 37, 10}
Pharmacy.Patient[patient_prescription,p2].nil{14, 3}
